# T[GeV]  muB[GeV]  eps[fm-4]  nB[fm-3]  muQ[GeV]  muS[GeV]  P[fm-4]  residual
0.000000 0.579418 0.000000 -0.100000 0.008643 0.095905 0.000000 1.000000
0.137495 -0.050000 0.100000 -0.100000 0.041675 -0.050000 0.024721 0.107297
0.142741 -0.050000 0.200000 -0.100000 0.044048 -0.050000 0.031326 0.108459
0.150527 -0.050000 0.300000 -0.100000 0.033588 -0.050000 0.044124 0.109536
0.157040 -0.050000 0.400000 -0.100000 0.028179 -0.050000 0.059011 0.106422
0.162657 -0.050000 0.500000 -0.100000 0.023990 -0.050000 0.075701 0.099431
0.167229 -0.050000 0.600000 -0.100000 0.020218 -0.050000 0.092502 0.095157
0.170972 -0.050000 0.700000 -0.100000 0.017236 -0.050000 0.108752 0.094355
0.174246 -0.050000 0.800000 -0.100000 0.015038 -0.050000 0.124986 0.095102
0.177275 -0.050000 0.900000 -0.100000 0.013389 -0.050000 0.141764 0.096600
0.180165 -0.050000 1.000000 -0.100000 0.012090 -0.050000 0.159402 0.098624
0.000000 0.920134 0.000000 -0.058824 0.000842 0.236064 0.000000 1.000000
0.131559 -0.050000 0.100000 -0.058824 0.050000 -0.050000 0.019234 0.067296
0.143732 -0.050000 0.200000 -0.058824 0.029843 -0.050000 0.032402 0.064704
0.151845 -0.050000 0.300000 -0.058824 0.021618 -0.050000 0.046647 0.063545
0.158203 -0.050000 0.400000 -0.058824 0.017358 -0.050000 0.062064 0.060243
0.163383 -0.050000 0.500000 -0.058824 0.014032 -0.050000 0.078134 0.056950
0.167614 -0.050000 0.600000 -0.058824 0.011400 -0.050000 0.094080 0.056509
0.171219 -0.050000 0.700000 -0.058824 0.009530 -0.050000 0.109953 0.058124
0.174453 -0.050000 0.800000 -0.058824 0.008204 -0.048538 0.126087 0.058855
0.177469 -0.050000 0.900000 -0.058824 0.007214 -0.045093 0.142788 0.056765
0.180357 -0.050000 1.000000 -0.058824 0.006469 -0.041922 0.160404 0.054312
0.000000 0.220551 0.000000 -0.017647 -0.047178 -0.050000 0.000000 1.000000
0.132514 -0.050000 0.100000 -0.017647 0.027696 -0.050000 0.019533 0.024019
0.145346 -0.050000 0.200000 -0.017647 0.008959 -0.037128 0.034544 0.018559
0.153346 -0.050000 0.300000 -0.017647 0.005743 -0.023227 0.049578 0.010806
0.159332 -0.050000 0.400000 -0.017647 0.004018 -0.016567 0.064916 0.002702
0.164035 -0.041310 0.500000 -0.017647 0.002761 -0.013118 0.079867 0.000000
0.167929 -0.034435 0.600000 -0.017647 0.002005 -0.011987 0.094648 0.000000
0.171379 -0.031473 0.700000 -0.017647 0.001625 -0.011929 0.109864 0.000000
0.174584 -0.029861 0.800000 -0.017647 0.001471 -0.012103 0.125888 0.000000
0.177629 -0.028548 0.900000 -0.017647 0.001427 -0.012105 0.142867 0.000000
0.180544 -0.027256 1.000000 -0.017647 0.001426 -0.011861 0.160758 0.000000
0.000000 0.987082 0.000000 0.023529 -0.002264 -0.050000 0.000000 1.000000
0.127045 0.295371 0.100000 0.023529 -0.004666 0.050489 0.017073 0.000000
0.144422 0.153883 0.200000 0.023529 -0.003064 0.030459 0.034353 0.000000
0.153294 0.103875 0.300000 0.023529 -0.002205 0.022817 0.050127 0.000000
0.159251 0.081482 0.400000 0.023529 -0.002247 0.019663 0.064923 0.000000
0.163812 0.067491 0.500000 0.023529 -0.002475 0.017669 0.079223 0.000000
0.167668 0.057166 0.600000 0.023529 -0.002547 0.015758 0.093717 0.000000
0.171151 0.049324 0.700000 0.023529 -0.002430 0.013918 0.108936 0.000000
0.174415 0.043484 0.800000 0.023529 -0.002201 0.012346 0.125145 0.000000
0.177517 0.039221 0.900000 0.023529 -0.001939 0.011146 0.142359 0.000000
0.180471 0.036086 1.000000 0.023529 -0.001689 0.010281 0.160441 0.000000
0.000000 1.050000 0.000000 0.064706 -0.050000 0.071229 0.000000 1.000000
0.102528 0.600844 0.100000 0.064706 -0.011996 0.110004 0.010883 0.000000
0.136115 0.352582 0.200000 0.064706 -0.006422 0.072159 0.029953 0.000000
0.149222 0.242735 0.300000 0.064706 -0.005608 0.053709 0.047039 0.000000
0.157043 0.184023 0.400000 0.064706 -0.005453 0.045028 0.062992 0.000000
0.162379 0.151733 0.500000 0.064706 -0.005469 0.040353 0.077832 0.000000
0.166637 0.131322 0.600000 0.064706 -0.005363 0.037031 0.092676 0.000000
0.170382 0.117265 0.700000 0.064706 -0.005108 0.034391 0.108250 0.000000
0.173832 0.107187 0.800000 0.064706 -0.004776 0.032295 0.124815 0.000000
0.177065 0.099732 0.900000 0.064706 -0.004439 0.030658 0.142328 0.000000
0.180108 0.093987 1.000000 0.064706 -0.004133 0.029366 0.160613 0.000000
0.000000 1.050000 0.000000 0.105882 -0.050000 -0.050000 0.000000 1.000000
0.020000 0.973745 0.100000 0.105882 -0.013099 0.148644 0.004882 0.106943
0.122670 0.523954 0.200000 0.105882 -0.011583 0.110724 0.024841 0.000000
0.141947 0.377469 0.300000 0.105882 -0.008177 0.084584 0.042539 0.000000
0.152753 0.288789 0.400000 0.105882 -0.007717 0.069537 0.059676 0.000000
0.159826 0.235324 0.500000 0.105882 -0.007735 0.061671 0.076025 0.000000
0.164944 0.203721 0.600000 0.105882 -0.007597 0.056842 0.091859 0.000000
0.169171 0.183396 0.700000 0.105882 -0.007314 0.053458 0.108145 0.000000
0.172919 0.169367 0.800000 0.105882 -0.006979 0.050965 0.125239 0.000000
0.176343 0.159062 0.900000 0.105882 -0.006657 0.049052 0.143100 0.000000
0.179510 0.151024 1.000000 0.105882 -0.006372 0.047500 0.161581 0.000000
0.000000 1.050000 0.000000 0.147059 -0.050000 -0.050000 0.000000 1.000000
0.020000 1.012858 0.100000 0.147059 -0.011490 -0.050000 0.017723 0.507361
0.100497 0.701957 0.200000 0.147059 -0.015574 0.145329 0.019018 0.000000
0.132490 0.497100 0.300000 0.147059 -0.011901 0.115219 0.037891 0.000000
0.146476 0.390839 0.400000 0.147059 -0.009793 0.093450 0.055088 0.000000
0.155943 0.319644 0.500000 0.147059 -0.009439 0.081586 0.073337 0.000000
0.162497 0.276455 0.600000 0.147059 -0.009335 0.075512 0.091092 0.000000
0.167486 0.249779 0.700000 0.147059 -0.009129 0.071704 0.108635 0.000000
0.171666 0.231811 0.800000 0.147059 -0.008889 0.069025 0.126492 0.000000
0.175348 0.218648 0.900000 0.147059 -0.008666 0.066963 0.144767 0.000000
0.178680 0.208303 1.000000 0.147059 -0.008471 0.065243 0.163435 0.000000
0.000000 1.050000 0.000000 0.188235 -0.050000 -0.050000 0.000000 1.000000
0.020000 1.050000 0.100000 0.188235 -0.050000 -0.050000 0.031287 0.738001
0.059084 0.897216 0.200000 0.188235 -0.021637 0.153647 0.011899 0.000000
0.118842 0.623344 0.300000 0.188235 -0.015380 0.142607 0.032736 0.000000
0.138762 0.485564 0.400000 0.188235 -0.012434 0.118555 0.050285 0.000000
0.150688 0.400893 0.500000 0.188235 -0.010884 0.100313 0.069345 0.000000
0.159247 0.346842 0.600000 0.188235 -0.010585 0.092363 0.089908 0.000000
0.165317 0.314598 0.700000 0.188235 -0.010528 0.088726 0.109469 0.000000
0.170065 0.293266 0.800000 0.188235 -0.010482 0.086297 0.128403 0.000000
0.174073 0.277541 0.900000 0.188235 -0.010438 0.084318 0.147186 0.000000
0.177610 0.265046 1.000000 0.188235 -0.010394 0.082550 0.166059 0.000000
0.000000 -0.050000 0.000000 0.229412 0.050000 0.244923 0.000000 1.000000
0.020000 1.050000 0.100000 0.229412 -0.050000 -0.050000 0.031287 0.712682
0.020000 1.015905 0.200000 0.229412 -0.014056 0.153032 0.018338 0.391825
0.099512 0.754410 0.300000 0.229412 -0.017376 0.169901 0.027260 0.000000
0.128701 0.584589 0.400000 0.229412 -0.015445 0.142621 0.045489 0.000000
0.144081 0.479950 0.500000 0.229412 -0.012666 0.120627 0.064414 0.000000
0.155082 0.414291 0.600000 0.229412 -0.011465 0.107644 0.087762 0.000000
0.162651 0.376110 0.700000 0.229412 -0.011472 0.104072 0.110226 0.000000
0.168123 0.351618 0.800000 0.229412 -0.011702 0.102264 0.130567 0.000000
0.172527 0.333624 0.900000 0.229412 -0.011911 0.100611 0.149971 0.000000
0.176311 0.319283 1.000000 0.229412 -0.012071 0.098955 0.169106 0.000000
0.000000 1.050000 0.000000 0.270588 -0.050000 -0.050000 0.000000 1.000000
0.020000 1.050000 0.100000 0.270588 -0.050000 -0.050000 0.031287 0.688896
0.020000 1.050000 0.200000 0.270588 -0.045618 -0.050000 0.032096 0.625972
0.070663 0.888047 0.300000 0.270588 -0.021751 0.176403 0.020805 0.000000
0.115821 0.686345 0.400000 0.270588 -0.017035 0.166898 0.040799 0.000000
0.135845 0.561668 0.500000 0.270588 -0.015047 0.142653 0.059218 0.000000
0.149741 0.480732 0.600000 0.270588 -0.012420 0.123126 0.084151 0.000000
0.159378 0.434944 0.700000 0.270588 -0.011954 0.117834 0.110459 0.000000
0.165803 0.406466 0.800000 0.270588 -0.012447 0.116666 0.132560 0.000000
0.170705 0.385913 0.900000 0.270588 -0.012974 0.115470 0.152711 0.000000
0.174792 0.369749 1.000000 0.270588 -0.013396 0.114035 0.172187 0.000000
0.000000 1.050000 0.000000 0.311765 -0.050000 -0.050000 0.000000 1.000000
0.020000 1.050000 0.100000 0.311765 -0.050000 -0.050000 0.031287 0.666806
0.392977 -0.050000 0.200000 0.311765 0.050000 0.023128 11.137446 38.560604
0.020000 1.009110 0.300000 0.311765 -0.017816 0.150798 0.014524 0.153951
0.098804 0.790467 0.400000 0.311765 -0.018751 0.190476 0.035559 0.000000
0.125476 0.648844 0.500000 0.311765 -0.017162 0.163065 0.054118 0.000000
0.142794 0.549162 0.600000 0.311765 -0.014122 0.140884 0.078629 0.000000
0.155310 0.492820 0.700000 0.311765 -0.012214 0.130619 0.109816 0.000000
0.163006 0.459079 0.800000 0.311765 -0.012663 0.129573 0.134101 0.000000
0.168563 0.435140 0.900000 0.311765 -0.013523 0.128880 0.155161 0.000000
0.173039 0.416770 1.000000 0.311765 -0.014268 0.127738 0.175081 0.000000
0.000000 1.050000 0.000000 0.352941 -0.050000 -0.050000 0.000000 1.000000
0.020000 1.050000 0.100000 0.352941 -0.050000 -0.050000 0.031287 0.646586
0.020000 1.050000 0.200000 0.352941 -0.050000 -0.050000 0.031287 0.561385
0.020000 1.050000 0.300000 0.352941 -0.050000 0.170406 0.030621 0.507588
0.076182 0.891710 0.400000 0.352941 -0.021813 0.199916 0.029397 0.000000
0.113470 0.732933 0.500000 0.352941 -0.018224 0.186958 0.049464 0.000000
0.133700 0.623770 0.600000 0.352941 -0.016514 0.160125 0.071490 0.000000
0.150215 0.551407 0.700000 0.352941 -0.012887 0.143457 0.107987 0.000000
0.159594 0.511240 0.800000 0.352941 -0.012500 0.141244 0.135082 0.000000
0.166015 0.482805 0.900000 0.352941 -0.013519 0.140968 0.157224 0.000000
0.171007 0.461518 1.000000 0.352941 -0.014618 0.140207 0.177716 0.000000
0.000000 1.050000 0.000000 0.394118 -0.050000 -0.050000 0.000000 1.000000
0.020000 1.050000 0.100000 0.394118 -0.050000 -0.050000 0.031287 0.628417
0.020000 1.050000 0.200000 0.394118 -0.050000 0.400000 0.030806 0.563584
0.020000 1.050000 0.300000 0.394118 -0.050000 -0.050000 0.031287 0.457239
0.035899 0.992386 0.400000 0.394118 -0.024025 0.144819 0.018290 0.000000
0.098299 0.818390 0.500000 0.394118 -0.019903 0.206977 0.044151 0.000000
0.123354 0.698411 0.600000 0.394118 -0.018190 0.180460 0.065056 0.000000
0.143528 0.612991 0.700000 0.394118 -0.014662 0.157122 0.103906 0.000000
0.155438 0.564481 0.800000 0.394118 -0.012469 0.152187 0.135574 0.000000
0.162948 0.530512 0.900000 0.394118 -0.013067 0.151851 0.158888 0.000000
0.168623 0.505340 1.000000 0.394118 -0.014424 0.151565 0.180076 0.000000
0.000000 1.050000 0.000000 0.435294 -0.050000 -0.050000 0.000000 1.000000
0.020000 1.050000 0.100000 0.435294 -0.050000 -0.050000 0.031287 0.612482
0.020000 1.050000 0.200000 0.435294 -0.050000 -0.050000 0.031287 0.521741
0.020000 1.050000 0.300000 0.435294 -0.050000 -0.050000 0.031287 0.435079
0.020000 1.050000 0.400000 0.435294 -0.041347 0.163450 0.032556 0.428144
0.079455 0.899534 0.500000 0.435294 -0.022066 0.217348 0.038047 0.000000
0.111847 0.770441 0.600000 0.435294 -0.019346 0.203115 0.059569 0.000000
0.134173 0.678462 0.700000 0.435294 -0.017301 0.172981 0.094730 0.000000
0.150381 0.619998 0.800000 0.435294 -0.013341 0.163075 0.135605 0.000000
0.159244 0.579601 0.900000 0.435294 -0.012575 0.161722 0.160235 0.000000
0.165786 0.549538 1.000000 0.435294 -0.013764 0.161832 0.182159 0.000000
0.000000 1.050000 0.000000 0.476471 -0.050000 -0.050000 0.000000 1.000000
0.020000 1.050000 0.100000 0.476471 -0.050000 -0.050000 0.031287 0.598958
0.030488 1.050000 0.200000 0.476471 -0.027085 0.285628 0.047892 0.842023
0.020000 1.050000 0.300000 0.476471 -0.050000 -0.050000 0.031287 0.415825
0.020000 1.050000 0.400000 0.476471 -0.050000 0.400000 0.030806 0.351656
0.051325 0.979839 0.500000 0.476471 -0.024835 0.162046 0.029217 0.000000
0.098073 0.842174 0.600000 0.476471 -0.020834 0.219363 0.053782 0.000000
0.123028 0.742034 0.700000 0.476471 -0.019181 0.194503 0.082855 0.000000
0.144117 0.678338 0.800000 0.476471 -0.015520 0.174598 0.134552 0.000000
0.154822 0.630841 0.900000 0.476471 -0.012793 0.171055 0.161414 0.000000
0.162387 0.595221 1.000000 0.476471 -0.012958 0.171003 0.184003 0.000000
0.000000 1.050000 0.000000 0.517647 -0.050000 -0.050000 0.000000 1.000000
0.020000 1.050000 0.100000 0.517647 -0.050000 -0.050000 0.031287 0.588012
0.094814 0.885527 0.200000 0.517647 -0.026044 0.229785 0.066691 0.518689
0.222250 0.388368 0.300000 0.517647 -0.019666 0.139229 0.715683 3.087135
0.149750 0.653096 0.400000 0.517647 -0.004197 0.156136 0.149780 0.456339
0.020000 1.050000 0.500000 0.517647 -0.029987 0.157284 0.035610 0.369605
0.081709 0.909615 0.600000 0.517647 -0.022402 0.228083 0.047419 0.000000
0.111316 0.804449 0.700000 0.517647 -0.020466 0.215586 0.073959 0.000000
0.136404 0.736562 0.800000 0.517647 -0.018249 0.189260 0.130867 0.000000
0.149594 0.684142 0.900000 0.517647 -0.014330 0.180636 0.162295 0.000000
0.158358 0.642987 1.000000 0.517647 -0.012683 0.179302 0.185723 0.000000
0.000000 1.050000 0.000000 0.558824 -0.050000 -0.050000 0.000000 1.000000
0.020000 1.050000 0.100000 0.558824 -0.050000 -0.050000 0.031287 0.579790
0.194016 0.539199 0.200000 0.558824 -0.028323 0.179953 0.399420 1.787391
0.141847 0.989493 0.300000 0.558824 -0.026036 0.291314 0.358021 1.540738
0.020000 1.050000 0.400000 0.558824 -0.050000 -0.050000 0.031287 0.295629
0.020000 1.050000 0.500000 0.558824 -0.048913 -0.050000 0.031480 0.213447
0.059249 0.976491 0.600000 0.558824 -0.024886 0.175649 0.039232 0.000000
0.098366 0.865258 0.700000 0.558824 -0.021649 0.228972 0.066404 0.000000
0.126654 0.792747 0.800000 0.558824 -0.020538 0.208822 0.122234 0.000000
0.143526 0.737308 0.900000 0.558824 -0.016834 0.192152 0.162125 0.000000
0.153693 0.692435 1.000000 0.558824 -0.013643 0.187451 0.187343 0.000000
0.000000 1.050000 0.000000 0.600000 -0.050000 -0.050000 0.000000 1.000000
0.212147 0.400247 0.100000 0.600000 -0.006836 0.133533 0.560803 2.650491
0.020000 1.050000 0.200000 0.600000 -0.050000 -0.050000 0.031287 0.476473
0.020000 1.050000 0.300000 0.600000 -0.050000 -0.050000 0.031287 0.379613
0.137232 0.782154 0.400000 0.600000 -0.009394 0.205096 0.161876 0.506078
0.020000 1.050000 0.500000 0.600000 -0.050000 -0.050000 0.031287 0.195617
0.020000 1.034003 0.600000 0.600000 -0.023818 0.154786 0.026152 0.041843
0.083611 0.922149 0.700000 0.600000 -0.022836 0.236004 0.058858 0.000000
0.114145 0.846176 0.800000 0.600000 -0.021996 0.228104 0.106798 0.000000
0.136469 0.788322 0.900000 0.600000 -0.019286 0.207406 0.159753 0.000000
0.148461 0.741517 1.000000 0.600000 -0.015750 0.196881 0.188442 0.000000
